—219—

Plautus Cistell. IV, 2, 61 204 PlautusPseudulo 106.107.

Curculione Ι, 1, 30 210 110. 115. 116 157
Epidio. ultimo versu 149 121 sq. 157 sq.
Menaechm. arg. 2 196 124 158 sq.
Mercatore 167 163 130. 131. 132 (bis).
Milite 200 164 133. 134. 136.137 159
584 209 138 sqq. 159 sqq.
1065 215sqq. 142 159
Mostellaria 5 215 143. 144. 145. 147.
312 214 148 162
550 211 149 162 sq.
1173 165 150 162. 168
Persa 238 204 152 162
421 161 153 163 sq.
Poenulo prol. 5 sqq. 205 sq. 154 162
14 157 162. 164
I, 2, 22 206 164. 167 164
103 170 sq. 160
192 214 180 164
IV, 1, 1 211 183 162
V, 2, 6 214 184. 185. 191 164
5, 22 206 194 sq. 164 sq.
. 30 206 eq. 196—205 165 sq.
Pseudulo prol. 1 149 sq. 267 168
arg. Ι v. 1 214 268 166
4 196 276 167
11 v. 2 150 ’ 281
4 152 sq. 321} 168
a 5 (bis) 346 ' 152
10 ἶ ¹⁵⁰ 363 156
15 151 397. 424 sq. 433. 446 167
fabulae v. 5. 10 150 469 167. 168
,18. 19. 24 152 472 sq. 167 sq.
25 168 561 168
29. 30. 35 (bis). 40. · 5726 168 sq.
51 152 615 169
53 152 sq. 616 152
55. 60. 61. 66b 153 618. 644. 668. 669.
69 154 674 169
70. 71 168 701 150
72. 77. 79. 81.82. 83 154 703. 706. 708. 712.
85 sq. 154 sq. 723. 737. 739. 742 169
91 sqq. 155 sq. 752 151
97. 100. 101. 102 156 808 168

104 sq. 156 sq. 831. 832 169

 

